------------------------------------------------------------------------------------------------------------------------
Vector testing report
Params:
    conf: "conf/embeddings_validation_short_1612409438.hocon"

Collected 45 files with 0 errors

------------------------------------------------------------------------------------------------------------------------
Metric: "auroc"
                                      scores_valid                                                                                                                                                                                             
                                              mean  t_pm t_int_l t_int_h   std                           values t_f_stat t_f_alpha t_t_stat t_t_alpha t_delta t_delta_pm t_delta_l t_delta_h t_delta_pp t_delta_pm_pp t_delta_l_pp t_delta_h_pp
model_name feature_name                                                                                                                                                                                                                        
lgbm       emb_mles__hidden_size_0032        0.794 0.011   0.783   0.806 0.009  [0.796 0.787 0.806 0.799 0.783]    0.829     0.430   -5.261     0.000  -0.029      0.013    -0.042    -0.016     -3.542         1.553       -5.095       -1.989
           emb_mles__hidden_size_0064        0.808 0.007   0.800   0.815 0.006  [0.810 0.798 0.807 0.809 0.814]    1.918     0.728   -3.445     0.004  -0.016      0.011    -0.026    -0.005     -1.926         1.290       -3.216       -0.637
           emb_mles__hidden_size_0128        0.811 0.014   0.797   0.826 0.012  [0.827 0.800 0.820 0.807 0.803]    0.526     0.275   -1.876     0.049  -0.012      0.015    -0.027     0.003     -1.449         1.780       -3.229        0.332
           emb_mles__hidden_size_0256        0.819 0.008   0.812   0.827 0.006  [0.825 0.813 0.826 0.814 0.818]    1.878     0.722   -0.890     0.200  -0.004      0.011    -0.015     0.007     -0.500         1.294       -1.794        0.795
           emb_mles__hidden_size_0512        0.822 0.011   0.811   0.833 0.009  [0.831 0.807 0.825 0.823 0.823]    0.890     0.456   -0.322     0.378  -0.002      0.013    -0.014     0.011     -0.213         1.524       -1.737        1.311
           emb_mles__hidden_size_1024        0.823 0.010   0.813   0.834 0.008  [0.833 0.810 0.826 0.823 0.825]    1.000     0.500    0.000     0.500   0.000      0.012    -0.012     0.012      0.000         1.479       -1.479        1.479
           emb_mles__hidden_size_2048        0.815 0.008   0.808   0.823 0.006  [0.820 0.805 0.819 0.816 0.816]    1.891     0.724   -1.777     0.057  -0.008      0.011    -0.019     0.002     -0.996         1.293       -2.289        0.297
           emb_mles__hidden_size_3072        0.818 0.012   0.805   0.830 0.010  [0.829 0.805 0.825 0.811 0.817]    0.721     0.380   -1.001     0.173  -0.006      0.013    -0.019     0.008     -0.701         1.615       -2.316        0.914
           mles_embeddings                   0.823 0.010   0.813   0.834 0.008  [0.833 0.810 0.826 0.823 0.825]    1.000     0.500    0.000     0.500   0.000      0.012    -0.012     0.012      0.000         1.479       -1.479        1.479
                                      scores_test                                                                                                                                                                                             
                                             mean  t_pm t_int_l t_int_h   std                           values t_f_stat t_f_alpha t_t_stat t_t_alpha t_delta t_delta_pm t_delta_l t_delta_h t_delta_pp t_delta_pm_pp t_delta_l_pp t_delta_h_pp
model_name feature_name                                                                                                                                                                                                                       
lgbm       emb_mles__hidden_size_0032       0.824 0.003   0.821   0.827 0.003  [0.823 0.827 0.821 0.826 0.822]    2.086     0.753   -8.688     0.000  -0.018      0.005    -0.023    -0.013     -2.160         0.573       -2.733       -1.586
           emb_mles__hidden_size_0064       0.835 0.004   0.832   0.839 0.003  [0.836 0.834 0.838 0.838 0.831]    1.777     0.704   -3.107     0.007  -0.007      0.005    -0.012    -0.002     -0.794         0.589       -1.383       -0.205
           emb_mles__hidden_size_0128       0.844 0.006   0.838   0.850 0.005  [0.837 0.843 0.847 0.844 0.850]    0.620     0.328    0.829     0.784   0.002      0.006    -0.004     0.009      0.274         0.762       -0.488        1.035
           emb_mles__hidden_size_0256       0.846 0.003   0.843   0.849 0.002  [0.847 0.848 0.842 0.846 0.844]    2.545     0.806    1.748     0.941   0.004      0.005    -0.001     0.008      0.422         0.556       -0.134        0.978
           emb_mles__hidden_size_0512       0.844 0.006   0.837   0.850 0.005  [0.836 0.843 0.845 0.849 0.848]    0.548     0.287    0.613     0.722   0.002      0.007    -0.005     0.008      0.211         0.792       -0.581        1.003
           emb_mles__hidden_size_1024       0.842 0.005   0.837   0.847 0.004  [0.842 0.847 0.841 0.843 0.837]    1.000     0.500    0.000     0.500   0.000      0.006    -0.006     0.006      0.000         0.666       -0.666        0.666
           emb_mles__hidden_size_2048       0.839 0.006   0.833   0.846 0.005  [0.835 0.842 0.844 0.843 0.832]    0.553     0.290   -0.933     0.189  -0.003      0.007    -0.009     0.004     -0.320         0.790       -1.109        0.470
           emb_mles__hidden_size_3072       0.838 0.005   0.832   0.843 0.004  [0.834 0.837 0.839 0.844 0.834]    0.817     0.425   -1.743     0.060  -0.004      0.006    -0.010     0.001     -0.531         0.703       -1.234        0.171
           mles_embeddings                  0.842 0.005   0.837   0.847 0.004  [0.842 0.847 0.841 0.843 0.837]    1.000     0.500    0.000     0.500   0.000      0.006    -0.006     0.006      0.000         0.666       -0.666        0.666

------------------------------------------------------------------------------------------------------------------------
Metric: "accuracy"
                                      scores_valid                                                                                                                                                                                             
                                              mean  t_pm t_int_l t_int_h   std                           values t_f_stat t_f_alpha t_t_stat t_t_alpha t_delta t_delta_pm t_delta_l t_delta_h t_delta_pp t_delta_pm_pp t_delta_l_pp t_delta_h_pp
model_name feature_name                                                                                                                                                                                                                        
lgbm       emb_mles__hidden_size_0032        0.719 0.013   0.706   0.732 0.010  [0.723 0.716 0.734 0.713 0.708]    2.009     0.742   -3.520     0.004  -0.028      0.018    -0.047    -0.010     -3.778         2.474       -6.252       -1.303
           emb_mles__hidden_size_0064        0.731 0.007   0.725   0.738 0.005  [0.738 0.723 0.731 0.730 0.734]    7.333     0.960   -2.259     0.027  -0.016      0.016    -0.032     0.000     -2.112         2.155       -4.267        0.044
           emb_mles__hidden_size_0128        0.740 0.014   0.726   0.754 0.011  [0.754 0.730 0.749 0.731 0.733]    1.682     0.687   -0.913     0.194  -0.008      0.019    -0.027     0.012     -1.011         2.553       -3.564        1.542
           emb_mles__hidden_size_0256        0.745 0.004   0.742   0.749 0.003  [0.747 0.746 0.741 0.744 0.749]   25.940     0.996   -0.266     0.398  -0.002      0.015    -0.017     0.014     -0.238         2.061       -2.299        1.823
           emb_mles__hidden_size_0512        0.745 0.011   0.734   0.755 0.009  [0.751 0.730 0.744 0.747 0.751]    2.840     0.832   -0.321     0.378  -0.002      0.018    -0.020     0.015     -0.327         2.351       -2.678        2.024
           emb_mles__hidden_size_1024        0.747 0.018   0.729   0.765 0.015  [0.766 0.730 0.746 0.737 0.758]    1.000     0.500    0.000     0.500   0.000      0.021    -0.021     0.021      0.000         2.859       -2.859        2.859
           emb_mles__hidden_size_2048        0.738 0.007   0.731   0.746 0.006  [0.747 0.732 0.738 0.741 0.734]    6.608     0.953   -1.233     0.126  -0.009      0.016    -0.025     0.008     -1.160         2.170       -3.330        1.010
           emb_mles__hidden_size_3072        0.740 0.016   0.724   0.756 0.013  [0.750 0.718 0.749 0.742 0.742]    1.258     0.585   -0.785     0.228  -0.007      0.020    -0.027     0.013     -0.922         2.709       -3.631        1.787
           mles_embeddings                   0.747 0.018   0.729   0.765 0.015  [0.766 0.730 0.746 0.737 0.758]    1.000     0.500    0.000     0.500   0.000      0.021    -0.021     0.021      0.000         2.859       -2.859        2.859
                                      scores_test                                                                                                                                                                                             
                                             mean  t_pm t_int_l t_int_h   std                           values t_f_stat t_f_alpha t_t_stat t_t_alpha t_delta t_delta_pm t_delta_l t_delta_h t_delta_pp t_delta_pm_pp t_delta_l_pp t_delta_h_pp
model_name feature_name                                                                                                                                                                                                                       
lgbm       emb_mles__hidden_size_0032       0.754 0.008   0.746   0.763 0.007  [0.764 0.756 0.754 0.746 0.752]    2.495     0.801    0.146     0.556   0.001      0.013    -0.012     0.013      0.106         1.674       -1.568        1.780
           emb_mles__hidden_size_0064       0.768 0.008   0.760   0.776 0.006  [0.772 0.758 0.772 0.772 0.766]    2.811     0.830    2.676     0.986   0.014      0.012     0.002     0.027      1.911         1.647        0.264        3.558
           emb_mles__hidden_size_0128       0.765 0.015   0.750   0.781 0.012  [0.756 0.750 0.766 0.774 0.780]    0.697     0.368    1.609     0.927   0.012      0.017    -0.005     0.028      1.539         2.207       -0.667        3.746
           emb_mles__hidden_size_0256       0.770 0.012   0.758   0.782 0.010  [0.772 0.780 0.756 0.778 0.766]    1.127     0.545    2.646     0.985   0.017      0.015     0.002     0.031      2.229         1.943        0.286        4.172
           emb_mles__hidden_size_0512       0.763 0.017   0.746   0.780 0.014  [0.742 0.762 0.766 0.766 0.780]    0.571     0.300    1.252     0.877   0.010      0.018    -0.008     0.027      1.274         2.346       -1.073        3.620
           emb_mles__hidden_size_1024       0.754 0.013   0.741   0.766 0.010  [0.766 0.760 0.742 0.744 0.756]    1.000     0.500    0.000     0.500   0.000      0.015    -0.015     0.015      0.000         2.000       -2.000        2.000
           emb_mles__hidden_size_2048       0.759 0.015   0.744   0.774 0.012  [0.752 0.770 0.770 0.762 0.742]    0.726     0.382    0.786     0.773   0.006      0.016    -0.011     0.022      0.743         2.181       -1.438        2.924
           emb_mles__hidden_size_3072       0.761 0.011   0.750   0.772 0.009  [0.754 0.774 0.762 0.762 0.752]    1.420     0.629    1.193     0.867   0.007      0.014    -0.007     0.021      0.955         1.846       -0.891        2.802
           mles_embeddings                  0.754 0.013   0.741   0.766 0.010  [0.766 0.760 0.742 0.744 0.756]    1.000     0.500    0.000     0.500   0.000      0.015    -0.015     0.015      0.000         2.000       -2.000        2.000

------------------------------------------------------------------------------------------------------------------------
End of report.     Current time: 2021-02-04 03:31:28
------------------------------------------------------------------------------------------------------------------------
