------------------------------------------------------------------------------------------------------------------------
Vector testing report
Params:
    conf: "conf/embeddings_validation_short_1612435265.hocon"

Collected 45 files with 0 errors

------------------------------------------------------------------------------------------------------------------------
Metric: "auroc"
                                                 scores_valid                                                                                                                                                                                             
                                                         mean  t_pm t_int_l t_int_h   std                           values t_f_stat t_f_alpha t_t_stat t_t_alpha t_delta t_delta_pm t_delta_l t_delta_h t_delta_pp t_delta_pm_pp t_delta_l_pp t_delta_h_pp
model_name feature_name                                                                                                                                                                                                                                   
lgbm       emb_mles__loss_binomialdeviance              0.769 0.015   0.754   0.784 0.012  [0.777 0.751 0.780 0.774 0.764]    0.503     0.261   -8.433     0.000  -0.054      0.015    -0.069    -0.040     -6.610         1.808       -8.418       -4.803
           emb_mles__loss_contrastive_margin_0.3        0.822 0.011   0.811   0.834 0.009  [0.835 0.811 0.826 0.816 0.824]    0.827     0.429   -0.196     0.425  -0.001      0.013    -0.014     0.012     -0.132         1.554       -1.686        1.422
           emb_mles__loss_contrastive_margin_0.5        0.823 0.010   0.813   0.834 0.008  [0.833 0.810 0.826 0.823 0.825]    1.000     0.500    0.000     0.500   0.000      0.012    -0.012     0.012      0.000         1.479       -1.479        1.479
           emb_mles__loss_contrastive_margin_0.8        0.821 0.011   0.810   0.832 0.009  [0.833 0.808 0.822 0.822 0.819]    0.926     0.471   -0.492     0.318  -0.003      0.012    -0.015     0.010     -0.322         1.508       -1.829        1.186
           emb_mles__loss_histogramloss                 0.808 0.015   0.793   0.823 0.012  [0.824 0.803 0.817 0.803 0.794]    0.482     0.249   -2.350     0.023  -0.015      0.015    -0.030    -0.000     -1.867         1.833       -3.700       -0.035
           emb_mles__loss_margin_0.2_beta_0.4           0.820 0.009   0.811   0.829 0.007  [0.830 0.810 0.818 0.819 0.824]    1.249     0.583   -0.693     0.254  -0.003      0.012    -0.015     0.008     -0.421         1.403       -1.824        0.981
           emb_mles__loss_margin_0.3_beta_0.6           0.818 0.011   0.807   0.829 0.009  [0.824 0.804 0.828 0.817 0.816]    0.864     0.445   -1.026     0.167  -0.006      0.013    -0.018     0.007     -0.684         1.536       -2.219        0.852
           emb_mles__loss_triplet                       0.809 0.009   0.800   0.818 0.007  [0.816 0.803 0.807 0.817 0.802]    1.274     0.590   -2.883     0.010  -0.014      0.012    -0.026    -0.003     -1.746         1.397       -3.143       -0.349
           mles_embeddings                              0.823 0.010   0.813   0.834 0.008  [0.833 0.810 0.826 0.823 0.825]    1.000     0.500    0.000     0.500   0.000      0.012    -0.012     0.012      0.000         1.479       -1.479        1.479
                                                 scores_test                                                                                                                                                                                             
                                                        mean  t_pm t_int_l t_int_h   std                           values t_f_stat t_f_alpha t_t_stat t_t_alpha t_delta t_delta_pm t_delta_l t_delta_h t_delta_pp t_delta_pm_pp t_delta_l_pp t_delta_h_pp
model_name feature_name                                                                                                                                                                                                                                  
lgbm       emb_mles__loss_binomialdeviance             0.778 0.008   0.770   0.786 0.006  [0.779 0.773 0.774 0.776 0.789]    0.362     0.174  -19.069     0.000  -0.064      0.008    -0.071    -0.056     -7.563         0.915       -8.477       -6.648
           emb_mles__loss_contrastive_margin_0.3       0.838 0.004   0.834   0.842 0.003  [0.834 0.842 0.840 0.840 0.837]    1.408     0.626   -1.632     0.071  -0.004      0.005    -0.009     0.002     -0.436         0.616       -1.053        0.180
           emb_mles__loss_contrastive_margin_0.5       0.842 0.005   0.837   0.847 0.004  [0.842 0.847 0.841 0.843 0.837]    1.000     0.500    0.000     0.500   0.000      0.006    -0.006     0.006      0.000         0.666       -0.666        0.666
           emb_mles__loss_contrastive_margin_0.8       0.837 0.005   0.832   0.842 0.004  [0.838 0.840 0.831 0.841 0.834]    0.941     0.477   -2.099     0.035  -0.005      0.006    -0.011     0.001     -0.616         0.677       -1.293        0.061
           emb_mles__loss_histogramloss                0.810 0.004   0.806   0.814 0.003  [0.809 0.814 0.806 0.812 0.807]    1.296     0.596  -14.128     0.000  -0.032      0.005    -0.038    -0.027     -3.843         0.627       -4.471       -3.216
           emb_mles__loss_margin_0.2_beta_0.4          0.839 0.006   0.833   0.846 0.005  [0.831 0.843 0.841 0.840 0.842]    0.596     0.314   -0.962     0.182  -0.003      0.006    -0.009     0.004     -0.322         0.771       -1.093        0.449
           emb_mles__loss_margin_0.3_beta_0.6          0.834 0.004   0.830   0.839 0.004  [0.835 0.838 0.832 0.838 0.830]    1.163     0.557   -3.262     0.006  -0.008      0.005    -0.013    -0.002     -0.909         0.643       -1.552       -0.267
           emb_mles__loss_triplet                      0.834 0.005   0.828   0.839 0.004  [0.827 0.837 0.833 0.839 0.833]    0.792     0.413   -3.265     0.006  -0.008      0.006    -0.014    -0.002     -1.004         0.709       -1.713       -0.295
           mles_embeddings                             0.842 0.005   0.837   0.847 0.004  [0.842 0.847 0.841 0.843 0.837]    1.000     0.500    0.000     0.500   0.000      0.006    -0.006     0.006      0.000         0.666       -0.666        0.666

------------------------------------------------------------------------------------------------------------------------
Metric: "accuracy"
                                                 scores_valid                                                                                                                                                                                             
                                                         mean  t_pm t_int_l t_int_h   std                           values t_f_stat t_f_alpha t_t_stat t_t_alpha t_delta t_delta_pm t_delta_l t_delta_h t_delta_pp t_delta_pm_pp t_delta_l_pp t_delta_h_pp
model_name feature_name                                                                                                                                                                                                                                   
lgbm       emb_mles__loss_binomialdeviance              0.702 0.014   0.688   0.716 0.012  [0.701 0.693 0.721 0.702 0.692]    1.599     0.670   -5.401     0.000  -0.045      0.019    -0.064    -0.026     -6.038         2.578       -8.616       -3.460
           emb_mles__loss_contrastive_margin_0.3        0.750 0.014   0.736   0.763 0.011  [0.759 0.737 0.746 0.744 0.763]    1.770     0.703    0.325     0.623   0.003      0.019    -0.016     0.022      0.357         2.529       -2.173        2.886
           emb_mles__loss_contrastive_margin_0.5        0.747 0.018   0.729   0.765 0.015  [0.766 0.730 0.746 0.737 0.758]    1.000     0.500    0.000     0.500   0.000      0.021    -0.021     0.021      0.000         2.859       -2.859        2.859
           emb_mles__loss_contrastive_margin_0.8        0.747 0.012   0.735   0.759 0.009  [0.757 0.739 0.741 0.758 0.740]    2.391     0.790   -0.028     0.489  -0.000      0.018    -0.018     0.018     -0.030         2.408       -2.438        2.378
           emb_mles__loss_histogramloss                 0.735 0.016   0.719   0.751 0.013  [0.757 0.733 0.731 0.732 0.722]    1.304     0.598   -1.378     0.103  -0.012      0.020    -0.032     0.008     -1.606         2.688       -4.294        1.082
           emb_mles__loss_margin_0.2_beta_0.4           0.747 0.010   0.737   0.757 0.008  [0.759 0.742 0.738 0.748 0.748]    3.428     0.870   -0.030     0.488  -0.000      0.017    -0.017     0.017     -0.030         2.298       -2.328        2.268
           emb_mles__loss_margin_0.3_beta_0.6           0.744 0.016   0.728   0.761 0.013  [0.752 0.734 0.762 0.742 0.730]    1.244     0.581   -0.328     0.376  -0.003      0.020    -0.023     0.017     -0.387         2.716       -3.102        2.329
           emb_mles__loss_triplet                       0.734 0.014   0.720   0.749 0.012  [0.740 0.731 0.719 0.750 0.732]    1.617     0.673   -1.520     0.084  -0.013      0.019    -0.032     0.007     -1.695         2.572       -4.268        0.877
           mles_embeddings                              0.747 0.018   0.729   0.765 0.015  [0.766 0.730 0.746 0.737 0.758]    1.000     0.500    0.000     0.500   0.000      0.021    -0.021     0.021      0.000         2.859       -2.859        2.859
                                                 scores_test                                                                                                                                                                                             
                                                        mean  t_pm t_int_l t_int_h   std                           values t_f_stat t_f_alpha t_t_stat t_t_alpha t_delta t_delta_pm t_delta_l t_delta_h t_delta_pp t_delta_pm_pp t_delta_l_pp t_delta_h_pp
model_name feature_name                                                                                                                                                                                                                                  
lgbm       emb_mles__loss_binomialdeviance             0.694 0.004   0.689   0.698 0.004  [0.696 0.692 0.688 0.696 0.696]    8.344     0.968  -12.268     0.000  -0.060      0.011    -0.071    -0.049     -7.962         1.497       -9.458       -6.465
           emb_mles__loss_contrastive_margin_0.3       0.759 0.003   0.756   0.762 0.002  [0.758 0.756 0.760 0.760 0.762]   20.538     0.994    1.183     0.865   0.006      0.011    -0.005     0.017      0.743         1.448       -0.705        2.191
           emb_mles__loss_contrastive_margin_0.5       0.754 0.013   0.741   0.766 0.010  [0.766 0.760 0.742 0.744 0.756]    1.000     0.500    0.000     0.500   0.000      0.015    -0.015     0.015      0.000         2.000       -2.000        2.000
           emb_mles__loss_contrastive_margin_0.8       0.752 0.010   0.742   0.762 0.008  [0.748 0.756 0.740 0.758 0.758]    1.723     0.694   -0.275     0.395  -0.002      0.013    -0.015     0.012     -0.212         1.778       -1.990        1.566
           emb_mles__loss_histogramloss                0.733 0.008   0.725   0.741 0.006  [0.734 0.740 0.730 0.738 0.724]    2.592     0.811   -3.750     0.003  -0.020      0.013    -0.033    -0.008     -2.707         1.665       -4.372       -1.042
           emb_mles__loss_margin_0.2_beta_0.4          0.762 0.007   0.755   0.769 0.005  [0.754 0.764 0.760 0.768 0.764]    3.814     0.888    1.618     0.928   0.008      0.012    -0.004     0.020      1.115         1.589       -0.474        2.703
           emb_mles__loss_margin_0.3_beta_0.6          0.750 0.007   0.743   0.758 0.006  [0.750 0.748 0.742 0.756 0.756]    3.069     0.848   -0.601     0.282  -0.003      0.012    -0.015     0.009     -0.425         1.628       -2.053        1.204
           emb_mles__loss_triplet                      0.750 0.007   0.744   0.757 0.006  [0.746 0.752 0.752 0.758 0.744]    3.468     0.872   -0.610     0.279  -0.003      0.012    -0.015     0.009     -0.425         1.605       -2.030        1.181
           mles_embeddings                             0.754 0.013   0.741   0.766 0.010  [0.766 0.760 0.742 0.744 0.756]    1.000     0.500    0.000     0.500   0.000      0.015    -0.015     0.015      0.000         2.000       -2.000        2.000

------------------------------------------------------------------------------------------------------------------------
End of report.     Current time: 2021-02-04 10:41:11
------------------------------------------------------------------------------------------------------------------------
