------------------------------------------------------------------------------------------------------------------------
Vector testing report
Params:
    conf: "conf/embeddings_validation_baselines_supervised.hocon"

Collected 5 files with 0 errors

------------------------------------------------------------------------------------------------------------------------
Metric: "auroc"
                           scores_valid                                                                                                                                                                                             
                                   mean  t_pm t_int_l t_int_h   std                           values t_f_stat t_f_alpha t_t_stat t_t_alpha t_delta t_delta_pm t_delta_l t_delta_h t_delta_pp t_delta_pm_pp t_delta_l_pp t_delta_h_pp
model_name feature_name                                                                                                                                                                                                             
nn         cpc_finetuning         0.800 0.022   0.778   0.822 0.018  [0.819 0.773 0.811 0.803 0.796]    0.645     0.341   -0.835     0.214  -0.008      0.023    -0.032     0.015     -1.050         2.902       -3.952        1.851
           mles_finetuning        0.806 0.015   0.790   0.821 0.012  [0.812 0.790 0.823 0.802 0.801]    1.315     0.601   -0.384     0.356  -0.003      0.020    -0.023     0.016     -0.401         2.411       -2.812        2.010
           nsp_finetuning         0.796 0.018   0.778   0.814 0.015  [0.804 0.770 0.806 0.801 0.798]    0.940     0.477   -1.420     0.097  -0.013      0.021    -0.034     0.008     -1.607         2.610       -4.218        1.003
           rtd_finetuning         0.798 0.011   0.787   0.809 0.009  [0.810 0.786 0.800 0.796 0.797]    2.708     0.821   -1.457     0.092  -0.011      0.017    -0.028     0.006     -1.343         2.126       -3.469        0.783
           target_scores          0.809 0.018   0.791   0.827 0.014  [0.816 0.797 0.829 0.808 0.795]    1.000     0.500    0.000     0.500   0.000      0.021    -0.021     0.021      0.000         2.570       -2.570        2.570
                           scores_test                                                                                                                                                                                             
                                  mean  t_pm t_int_l t_int_h   std                           values t_f_stat t_f_alpha t_t_stat t_t_alpha t_delta t_delta_pm t_delta_l t_delta_h t_delta_pp t_delta_pm_pp t_delta_l_pp t_delta_h_pp
model_name feature_name                                                                                                                                                                                                            
nn         cpc_finetuning        0.817 0.003   0.813   0.820 0.003  [0.812 0.819 0.817 0.817 0.819]   17.266     0.991    0.288     0.610   0.001      0.012    -0.010     0.013      0.177         1.420       -1.242        1.597
           mles_finetuning       0.824 0.008   0.816   0.832 0.006  [0.814 0.832 0.823 0.825 0.825]    2.872     0.834    1.531     0.918   0.009      0.013    -0.004     0.022      1.064         1.603       -0.539        2.667
           nsp_finetuning        0.800 0.007   0.793   0.808 0.006  [0.801 0.795 0.798 0.798 0.810]    3.428     0.870   -2.632     0.015  -0.015      0.013    -0.027    -0.002     -1.791         1.569       -3.360       -0.222
           rtd_finetuning        0.799 0.011   0.788   0.810 0.009  [0.798 0.809 0.787 0.795 0.805]    1.600     0.670   -2.593     0.016  -0.016      0.014    -0.030    -0.002     -1.979         1.759       -3.738       -0.219
           target_scores         0.815 0.014   0.802   0.829 0.011  [0.805 0.806 0.828 0.812 0.825]    1.000     0.500    0.000     0.500   0.000      0.016    -0.016     0.016      0.000         1.952       -1.952        1.952

------------------------------------------------------------------------------------------------------------------------
End of report.     Current time: 2021-01-29 16:02:48
------------------------------------------------------------------------------------------------------------------------
