------------------------------------------------------------------------------------------------------------------------
Vector testing report
Params:
    conf: "conf/embeddings_validation_short_1612459084.hocon"

Collected 65 files with 0 errors

------------------------------------------------------------------------------------------------------------------------
Metric: "auroc"
                                                    scores_valid                                                                                                                                                                                             
                                                            mean  t_pm t_int_l t_int_h   std                           values t_f_stat t_f_alpha t_t_stat t_t_alpha t_delta t_delta_pm t_delta_l t_delta_h t_delta_pp t_delta_pm_pp t_delta_l_pp t_delta_h_pp
model_name feature_name                                                                                                                                                                                                                                      
lgbm       emb_mles__projection_head_rnn0128_prh064        0.812 0.010   0.802   0.822 0.008  [0.811 0.799 0.819 0.818 0.814]    1.077     0.528   -2.183     0.030  -0.011      0.012    -0.023     0.001     -1.374         1.452       -2.826        0.078
           emb_mles__projection_head_rnn0128_prh128        0.811 0.008   0.803   0.819 0.006  [0.816 0.801 0.818 0.811 0.809]    1.675     0.685   -2.670     0.014  -0.013      0.011    -0.023    -0.002     -1.530         1.321       -2.851       -0.208
           emb_mles__projection_head_rnn0128_prh256        0.808 0.011   0.797   0.819 0.009  [0.809 0.794 0.817 0.807 0.811]    0.915     0.467   -2.887     0.010  -0.016      0.012    -0.028    -0.003     -1.894         1.512       -3.406       -0.381
           emb_mles__projection_head_rnn0256_prh064        0.817 0.013   0.804   0.830 0.011  [0.816 0.800 0.826 0.817 0.826]    0.603     0.318   -1.043     0.164  -0.006      0.014    -0.020     0.008     -0.771         1.705       -2.476        0.933
           emb_mles__projection_head_rnn0256_prh128        0.805 0.014   0.791   0.819 0.011  [0.812 0.788 0.817 0.802 0.808]    0.560     0.294   -2.897     0.010  -0.018      0.014    -0.032    -0.004     -2.192         1.745       -3.936       -0.447
           emb_mles__projection_head_rnn0256_prh256        0.808 0.008   0.801   0.816 0.006  [0.809 0.800 0.817 0.807 0.810]    1.905     0.726   -3.239     0.006  -0.015      0.011    -0.026    -0.004     -1.813         1.291       -3.104       -0.522
           emb_mles__projection_head_rnn0512_prh064        0.817 0.011   0.806   0.828 0.009  [0.826 0.804 0.824 0.815 0.816]    0.903     0.462   -1.221     0.128  -0.007      0.012    -0.019     0.006     -0.804         1.518       -2.321        0.714
           emb_mles__projection_head_rnn0512_prh128        0.810 0.014   0.796   0.824 0.011  [0.820 0.792 0.815 0.804 0.816]    0.548     0.287   -2.212     0.029  -0.014      0.014    -0.028     0.001     -1.686         1.758       -3.443        0.072
           emb_mles__projection_head_rnn0512_prh256        0.813 0.008   0.805   0.821 0.006  [0.818 0.803 0.818 0.810 0.816]    1.659     0.682   -2.137     0.033  -0.010      0.011    -0.021     0.001     -1.226         1.324       -2.550        0.097
           emb_mles__projection_head_rnn1024_prh064        0.804 0.013   0.791   0.817 0.010  [0.813 0.788 0.812 0.799 0.806]    0.643     0.339   -3.302     0.005  -0.020      0.014    -0.033    -0.006     -2.394         1.672       -4.065       -0.722
           emb_mles__projection_head_rnn1024_prh128        0.805 0.019   0.786   0.824 0.016  [0.818 0.780 0.814 0.799 0.813]    0.286     0.126   -2.312     0.025  -0.018      0.018    -0.037    -0.000     -2.224         2.218       -4.442       -0.006
           emb_mles__projection_head_rnn1024_prh256        0.808 0.018   0.790   0.826 0.015  [0.825 0.790 0.821 0.806 0.799]    0.322     0.149   -2.007     0.040  -0.015      0.017    -0.033     0.002     -1.844         2.118       -3.962        0.275
           mles_embeddings                                 0.823 0.010   0.813   0.834 0.008  [0.833 0.810 0.826 0.823 0.825]    1.000     0.500    0.000     0.500   0.000      0.012    -0.012     0.012      0.000         1.479       -1.479        1.479
                                                    scores_test                                                                                                                                                                                             
                                                           mean  t_pm t_int_l t_int_h   std                           values t_f_stat t_f_alpha t_t_stat t_t_alpha t_delta t_delta_pm t_delta_l t_delta_h t_delta_pp t_delta_pm_pp t_delta_l_pp t_delta_h_pp
model_name feature_name                                                                                                                                                                                                                                     
lgbm       emb_mles__projection_head_rnn0128_prh064       0.832 0.007   0.825   0.840 0.006  [0.826 0.833 0.834 0.841 0.827]    0.410     0.205   -3.131     0.007  -0.010      0.007    -0.017    -0.003     -1.186         0.874       -2.060       -0.313
           emb_mles__projection_head_rnn0128_prh128       0.825 0.004   0.822   0.829 0.003  [0.827 0.821 0.824 0.829 0.825]    1.693     0.689   -7.772     0.000  -0.017      0.005    -0.022    -0.012     -2.003         0.594       -2.598       -1.409
           emb_mles__projection_head_rnn0128_prh256       0.826 0.007   0.819   0.832 0.005  [0.817 0.824 0.830 0.830 0.827]    0.539     0.282   -5.701     0.000  -0.017      0.007    -0.023    -0.010     -1.968         0.796       -2.765       -1.172
           emb_mles__projection_head_rnn0256_prh064       0.831 0.005   0.825   0.836 0.004  [0.826 0.828 0.829 0.837 0.833]    0.823     0.427   -4.480     0.001  -0.011      0.006    -0.017    -0.006     -1.363         0.701       -2.064       -0.661
           emb_mles__projection_head_rnn0256_prh128       0.825 0.008   0.817   0.832 0.006  [0.816 0.821 0.827 0.831 0.829]    0.399     0.197   -5.440     0.000  -0.018      0.007    -0.025    -0.010     -2.082         0.883       -2.965       -1.200
           emb_mles__projection_head_rnn0256_prh256       0.828 0.004   0.824   0.831 0.003  [0.829 0.830 0.830 0.825 0.824]    1.738     0.697   -6.743     0.000  -0.015      0.005    -0.020    -0.010     -1.730         0.592       -2.321       -1.138
           emb_mles__projection_head_rnn0512_prh064       0.834 0.006   0.828   0.841 0.005  [0.837 0.835 0.840 0.826 0.833]    0.542     0.284   -2.705     0.013  -0.008      0.007    -0.015    -0.001     -0.932         0.795       -1.727       -0.138
           emb_mles__projection_head_rnn0512_prh128       0.828 0.005   0.824   0.833 0.004  [0.830 0.834 0.826 0.824 0.827]    1.046     0.517   -5.752     0.000  -0.014      0.006    -0.019    -0.008     -1.644         0.659       -2.303       -0.985
           emb_mles__projection_head_rnn0512_prh256       0.836 0.005   0.831   0.840 0.004  [0.835 0.838 0.839 0.829 0.836]    0.946     0.479   -2.673     0.014  -0.007      0.006    -0.012    -0.001     -0.784         0.676       -1.459       -0.108
           emb_mles__projection_head_rnn1024_prh064       0.814 0.006   0.808   0.819 0.004  [0.815 0.812 0.807 0.819 0.816]    0.734     0.386  -10.677     0.000  -0.028      0.006    -0.034    -0.022     -3.354         0.724       -4.079       -2.630
           emb_mles__projection_head_rnn1024_prh128       0.820 0.004   0.816   0.824 0.003  [0.817 0.820 0.826 0.820 0.820]    1.479     0.643   -9.766     0.000  -0.022      0.005    -0.027    -0.017     -2.584         0.610       -3.194       -1.974
           emb_mles__projection_head_rnn1024_prh256       0.824 0.006   0.817   0.830 0.005  [0.816 0.830 0.825 0.825 0.823]    0.547     0.286   -6.327     0.000  -0.018      0.007    -0.025    -0.012     -2.175         0.793       -2.968       -1.382
           mles_embeddings                                0.842 0.005   0.837   0.847 0.004  [0.842 0.847 0.841 0.843 0.837]    1.000     0.500    0.000     0.500   0.000      0.006    -0.006     0.006      0.000         0.666       -0.666        0.666

------------------------------------------------------------------------------------------------------------------------
Metric: "accuracy"
                                                    scores_valid                                                                                                                                                                                             
                                                            mean  t_pm t_int_l t_int_h   std                           values t_f_stat t_f_alpha t_t_stat t_t_alpha t_delta t_delta_pm t_delta_l t_delta_h t_delta_pp t_delta_pm_pp t_delta_l_pp t_delta_h_pp
model_name feature_name                                                                                                                                                                                                                                      
lgbm       emb_mles__projection_head_rnn0128_prh064        0.738 0.012   0.726   0.750 0.010  [0.733 0.727 0.736 0.750 0.747]    2.293     0.779   -1.104     0.151  -0.009      0.018    -0.027     0.009     -1.160         2.423       -3.583        1.263
           emb_mles__projection_head_rnn0128_prh128        0.738 0.009   0.729   0.747 0.007  [0.746 0.733 0.746 0.732 0.733]    4.491     0.913   -1.258     0.122  -0.009      0.017    -0.026     0.008     -1.220         2.236       -3.455        1.016
           emb_mles__projection_head_rnn0128_prh256        0.736 0.015   0.722   0.751 0.012  [0.743 0.716 0.738 0.742 0.743]    1.515     0.651   -1.264     0.121  -0.011      0.019    -0.030     0.009     -1.428         2.605       -4.033        1.177
           emb_mles__projection_head_rnn0256_prh064        0.748 0.018   0.729   0.766 0.015  [0.736 0.730 0.766 0.751 0.757]    0.985     0.494    0.072     0.528   0.001      0.021    -0.021     0.022      0.089         2.871       -2.781        2.960
           emb_mles__projection_head_rnn0256_prh128        0.736 0.023   0.713   0.758 0.018  [0.752 0.726 0.738 0.710 0.752]    0.653     0.345   -1.109     0.150  -0.012      0.024    -0.036     0.012     -1.547         3.216       -4.763        1.670
           emb_mles__projection_head_rnn0256_prh256        0.739 0.005   0.734   0.743 0.004  [0.737 0.744 0.734 0.740 0.738]   14.855     0.989   -1.248     0.124  -0.008      0.016    -0.024     0.007     -1.130         2.089       -3.219        0.959
           emb_mles__projection_head_rnn0512_prh064        0.746 0.009   0.737   0.755 0.007  [0.753 0.738 0.753 0.741 0.744]    4.260     0.905   -0.153     0.441  -0.001      0.017    -0.018     0.016     -0.149         2.247       -2.396        2.098
           emb_mles__projection_head_rnn0512_prh128        0.742 0.013   0.729   0.755 0.010  [0.756 0.729 0.738 0.740 0.748]    2.089     0.753   -0.642     0.270  -0.005      0.018    -0.023     0.013     -0.684         2.459       -3.143        1.775
           emb_mles__projection_head_rnn0512_prh256        0.739 0.009   0.731   0.748 0.007  [0.744 0.730 0.744 0.733 0.743]    4.491     0.913   -1.104     0.151  -0.008      0.017    -0.025     0.009     -1.071         2.236       -3.307        1.165
           emb_mles__projection_head_rnn1024_prh064        0.728 0.015   0.714   0.743 0.012  [0.743 0.720 0.737 0.727 0.714]    1.534     0.656   -2.243     0.028  -0.019      0.019    -0.038     0.001     -2.528         2.599       -5.127        0.070
           emb_mles__projection_head_rnn1024_prh128        0.730 0.012   0.718   0.741 0.009  [0.741 0.721 0.738 0.721 0.727]    2.438     0.795   -2.257     0.027  -0.018      0.018    -0.035     0.000     -2.350         2.401       -4.751        0.051
           emb_mles__projection_head_rnn1024_prh256        0.734 0.019   0.716   0.753 0.015  [0.757 0.722 0.742 0.728 0.722]    0.957     0.483   -1.376     0.103  -0.013      0.022    -0.034     0.009     -1.725         2.892       -4.617        1.167
           mles_embeddings                                 0.747 0.018   0.729   0.765 0.015  [0.766 0.730 0.746 0.737 0.758]    1.000     0.500    0.000     0.500   0.000      0.021    -0.021     0.021      0.000         2.859       -2.859        2.859
                                                    scores_test                                                                                                                                                                                             
                                                           mean  t_pm t_int_l t_int_h   std                           values t_f_stat t_f_alpha t_t_stat t_t_alpha t_delta t_delta_pm t_delta_l t_delta_h t_delta_pp t_delta_pm_pp t_delta_l_pp t_delta_h_pp
model_name feature_name                                                                                                                                                                                                                                     
lgbm       emb_mles__projection_head_rnn0128_prh064       0.758 0.011   0.747   0.769 0.009  [0.754 0.754 0.760 0.772 0.750]    1.443     0.635    0.732     0.757   0.004      0.014    -0.009     0.018      0.584         1.840       -1.256        2.424
           emb_mles__projection_head_rnn0128_prh128       0.754 0.011   0.743   0.766 0.009  [0.762 0.752 0.756 0.740 0.762]    1.290     0.594    0.130     0.550   0.001      0.014    -0.013     0.015      0.106         1.884       -1.778        1.990
           emb_mles__projection_head_rnn0128_prh256       0.752 0.011   0.741   0.763 0.009  [0.754 0.744 0.750 0.766 0.746]    1.405     0.625   -0.265     0.399  -0.002      0.014    -0.016     0.012     -0.212         1.850       -2.063        1.638
           emb_mles__projection_head_rnn0256_prh064       0.753 0.008   0.745   0.760 0.006  [0.758 0.748 0.760 0.746 0.752]    2.871     0.834   -0.149     0.443  -0.001      0.012    -0.013     0.012     -0.106         1.642       -1.748        1.536
           emb_mles__projection_head_rnn0256_prh128       0.753 0.018   0.734   0.771 0.015  [0.744 0.742 0.768 0.770 0.740]    0.483     0.249   -0.099     0.462  -0.001      0.019    -0.019     0.018     -0.106         2.478       -2.585        2.372
           emb_mles__projection_head_rnn0256_prh256       0.747 0.006   0.741   0.753 0.005  [0.752 0.752 0.744 0.746 0.742]    5.038     0.927   -1.265     0.121  -0.006      0.012    -0.018     0.005     -0.849         1.548       -2.398        0.699
           emb_mles__projection_head_rnn0512_prh064       0.760 0.007   0.754   0.767 0.006  [0.760 0.754 0.766 0.756 0.766]    3.468     0.872    1.296     0.884   0.007      0.012    -0.005     0.019      0.902         1.605       -0.703        2.508
           emb_mles__projection_head_rnn0512_prh128       0.754 0.013   0.742   0.767 0.010  [0.758 0.744 0.770 0.748 0.752]    1.039     0.514    0.124     0.548   0.001      0.015    -0.014     0.016      0.106         1.981       -1.875        2.087
           emb_mles__projection_head_rnn0512_prh256       0.753 0.013   0.740   0.766 0.011  [0.766 0.762 0.740 0.748 0.750]    0.943     0.478   -0.060     0.477  -0.000      0.015    -0.016     0.015     -0.053         2.030       -2.083        1.977
           emb_mles__projection_head_rnn1024_prh064       0.737 0.008   0.729   0.745 0.006  [0.744 0.740 0.740 0.730 0.730]    2.592     0.811   -3.088     0.007  -0.017      0.013    -0.029    -0.004     -2.229         1.665       -3.894       -0.564
           emb_mles__projection_head_rnn1024_prh128       0.741 0.014   0.728   0.755 0.011  [0.756 0.746 0.740 0.738 0.726]    0.881     0.453   -1.836     0.052  -0.012      0.016    -0.028     0.003     -1.645         2.066       -3.712        0.421
           emb_mles__projection_head_rnn1024_prh256       0.749 0.016   0.733   0.765 0.013  [0.730 0.742 0.752 0.762 0.758]    0.639     0.337   -0.648     0.267  -0.005      0.017    -0.022     0.012     -0.637         2.265       -2.902        1.628
           mles_embeddings                                0.754 0.013   0.741   0.766 0.010  [0.766 0.760 0.742 0.744 0.756]    1.000     0.500    0.000     0.500   0.000      0.015    -0.015     0.015      0.000         2.000       -2.000        2.000

------------------------------------------------------------------------------------------------------------------------
End of report.     Current time: 2021-02-04 17:18:13
------------------------------------------------------------------------------------------------------------------------
