------------------------------------------------------------------------------------------------------------------------
Vector testing report
Params:
    conf: "conf/embeddings_validation_baselines_unsupervised.hocon"

Collected 45 files with 0 errors

------------------------------------------------------------------------------------------------------------------------
Metric: "auroc"
                                   scores_valid
                                           mean  t_pm t_int_l t_int_h   std                           values t_f_stat t_f_alpha t_t_stat t_t_alpha t_delta t_delta_pm t_delta_l t_delta_h t_delta_pp t_delta_pm_pp t_delta_l_pp t_delta_h_pp
model_name feature_name
lgbm       barlow_twins_embeddings        0.811 0.015   0.796   0.826 0.012  [0.823 0.796 0.822 0.813 0.802]    0.761     0.399    0.697     0.747   0.005      0.017    -0.012     0.022      0.624         2.066       -1.442        2.690
           baseline                       0.806 0.013   0.793   0.819 0.011  [0.818 0.795 0.815 0.807 0.796]    1.000     0.500    0.000     0.500   0.000      0.015    -0.015     0.015      0.000         1.921       -1.921        1.921
           cpc_embeddings                 0.804 0.019   0.785   0.823 0.015  [0.824 0.786 0.815 0.800 0.795]    0.475     0.244   -0.251     0.404  -0.002      0.019    -0.021     0.017     -0.261         2.394       -2.655        2.133
           mles2_embeddings               0.819 0.010   0.809   0.830 0.008  [0.832 0.811 0.815 0.822 0.817]    1.663     0.683    2.210     0.971   0.013      0.014    -0.001     0.027      1.647         1.719       -0.072        3.366
           mles_embeddings                0.823 0.010   0.812   0.833 0.008  [0.834 0.810 0.825 0.821 0.823]    1.611     0.672    2.729     0.987   0.016      0.014     0.003     0.030      2.047         1.729        0.317        3.776
           nsp_embeddings                 0.816 0.016   0.800   0.833 0.013  [0.834 0.798 0.821 0.816 0.812]    0.650     0.343    1.354     0.894   0.010      0.017    -0.007     0.028      1.271         2.165       -0.893        3.436
           random_encoder                 0.753 0.017   0.736   0.770 0.014  [0.748 0.740 0.774 0.744 0.758]    0.595     0.314   -6.856     0.000  -0.053      0.018    -0.071    -0.035     -6.613         2.224       -8.837       -4.389
           rtd_embeddings                 0.804 0.012   0.792   0.816 0.010  [0.808 0.797 0.819 0.796 0.801]    1.215     0.573   -0.274     0.395  -0.002      0.015    -0.017     0.013     -0.218         1.834       -2.052        1.616
           sop_embeddings                 0.771 0.013   0.759   0.784 0.010  [0.767 0.760 0.788 0.773 0.769]    1.083     0.530   -5.260     0.000  -0.035      0.015    -0.050    -0.019     -4.297         1.884       -6.181       -2.413
                                   scores_test
                                          mean  t_pm t_int_l t_int_h   std                           values t_f_stat t_f_alpha t_t_stat t_t_alpha t_delta t_delta_pm t_delta_l t_delta_h t_delta_pp t_delta_pm_pp t_delta_l_pp t_delta_h_pp
model_name feature_name
lgbm       barlow_twins_embeddings       0.823 0.004   0.819   0.827 0.003  [0.823 0.826 0.821 0.827 0.820]    1.944     0.732   -1.155     0.141  -0.003      0.006    -0.008     0.003     -0.337         0.674       -1.011        0.336
           baseline                      0.826 0.005   0.821   0.831 0.004  [0.820 0.830 0.827 0.822 0.830]    1.000     0.500    0.000     0.500   0.000      0.006    -0.006     0.006      0.000         0.774       -0.774        0.774
           cpc_embeddings                0.803 0.004   0.800   0.807 0.003  [0.801 0.804 0.801 0.802 0.808]    2.283     0.778   -9.637     0.000  -0.023      0.005    -0.028    -0.017     -2.744         0.657       -3.400       -2.087
           mles2_embeddings              0.839 0.003   0.836   0.842 0.002  [0.840 0.843 0.838 0.839 0.837]    3.808     0.888    5.989     1.000   0.013      0.005     0.008     0.018      1.598         0.615        0.982        2.213
           mles_embeddings               0.838 0.009   0.829   0.847 0.007  [0.828 0.848 0.836 0.839 0.838]    0.359     0.172    3.091     0.993   0.012      0.009     0.003     0.021      1.429         1.066        0.363        2.494
           nsp_embeddings                0.830 0.005   0.825   0.835 0.004  [0.832 0.826 0.831 0.835 0.825]    1.178     0.561    1.437     0.906   0.004      0.006    -0.002     0.010      0.464         0.744       -0.281        1.208
           random_encoder                0.726 0.011   0.714   0.737 0.009  [0.730 0.739 0.718 0.724 0.717]    0.231     0.093  -22.199     0.000  -0.100      0.010    -0.111    -0.090    -12.160         1.263      -13.424      -10.897
           rtd_embeddings                0.800 0.003   0.797   0.803 0.002  [0.802 0.797 0.802 0.802 0.798]    3.205     0.857  -11.406     0.000  -0.026      0.005    -0.031    -0.020     -3.102         0.627       -3.729       -2.475
           sop_embeddings                0.790 0.002   0.787   0.792 0.002  [0.790 0.790 0.787 0.789 0.792]    5.167     0.930  -17.024     0.000  -0.036      0.005    -0.041    -0.032     -4.416         0.598       -5.014       -3.817

------------------------------------------------------------------------------------------------------------------------
Metric: "accuracy"
                                   scores_valid
                                           mean  t_pm t_int_l t_int_h   std                           values t_f_stat t_f_alpha t_t_stat t_t_alpha t_delta t_delta_pm t_delta_l t_delta_h t_delta_pp t_delta_pm_pp t_delta_l_pp t_delta_h_pp
model_name feature_name
lgbm       barlow_twins_embeddings        0.740 0.012   0.728   0.751 0.010  [0.751 0.724 0.742 0.740 0.740]    2.436     0.795    0.809     0.779   0.006      0.018    -0.012     0.025      0.879         2.506       -1.627        3.385
           baseline                       0.733 0.019   0.714   0.752 0.015  [0.747 0.714 0.749 0.733 0.722]    1.000     0.500    0.000     0.500   0.000      0.022    -0.022     0.022      0.000         2.984       -2.984        2.984
           cpc_embeddings                 0.732 0.019   0.713   0.751 0.015  [0.750 0.716 0.743 0.733 0.717]    0.938     0.476   -0.138     0.447  -0.001      0.022    -0.024     0.021     -0.182         3.033       -3.215        2.851
           mles2_embeddings               0.744 0.007   0.737   0.751 0.006  [0.753 0.738 0.743 0.743 0.744]    7.145     0.958    1.583     0.924   0.011      0.017    -0.005     0.028      1.546         2.253       -0.707        3.799
           mles_embeddings                0.745 0.010   0.735   0.755 0.008  [0.759 0.742 0.738 0.742 0.746]    3.457     0.872    1.605     0.926   0.012      0.018    -0.005     0.030      1.667         2.396       -0.728        4.063
           nsp_embeddings                 0.744 0.021   0.723   0.765 0.017  [0.770 0.723 0.744 0.743 0.738]    0.788     0.411    1.056     0.839   0.011      0.023    -0.013     0.034      1.455         3.178       -1.723        4.633
           random_encoder                 0.684 0.029   0.655   0.713 0.023  [0.682 0.658 0.709 0.664 0.706]    0.417     0.209   -3.990     0.002  -0.049      0.029    -0.078    -0.021     -6.729         3.889      -10.618       -2.841
           rtd_embeddings                 0.733 0.005   0.728   0.738 0.004  [0.736 0.729 0.739 0.733 0.729]   11.987     0.983    0.000     0.500   0.000      0.016    -0.016     0.016      0.000         2.196       -2.196        2.196
           sop_embeddings                 0.693 0.017   0.676   0.710 0.014  [0.672 0.693 0.710 0.697 0.692]    1.224     0.575   -4.449     0.001  -0.040      0.021    -0.061    -0.019     -5.487         2.844       -8.330       -2.643
                                   scores_test
                                          mean  t_pm t_int_l t_int_h   std                           values t_f_stat t_f_alpha t_t_stat t_t_alpha t_delta t_delta_pm t_delta_l t_delta_h t_delta_pp t_delta_pm_pp t_delta_l_pp t_delta_h_pp
model_name feature_name
lgbm       barlow_twins_embeddings       0.752 0.006   0.746   0.758 0.005  [0.752 0.756 0.746 0.758 0.750]    0.474     0.244    0.772     0.769   0.002      0.006    -0.004     0.008      0.267         0.797       -0.530        1.063
           baseline                      0.750 0.004   0.746   0.754 0.003  [0.746 0.752 0.754 0.748 0.752]    1.000     0.500    0.000     0.500   0.000      0.005    -0.005     0.005      0.000         0.639       -0.639        0.639
           cpc_embeddings                0.731 0.009   0.721   0.740 0.008  [0.720 0.738 0.728 0.730 0.738]    0.189     0.068   -5.315     0.000  -0.020      0.009    -0.028    -0.011     -2.612         1.133       -3.745       -1.479
           mles2_embeddings              0.757 0.007   0.750   0.764 0.006  [0.752 0.762 0.752 0.764 0.756]    0.346     0.164    2.346     0.977   0.007      0.007     0.000     0.013      0.906         0.891        0.016        1.797
           mles_embeddings               0.754 0.015   0.739   0.769 0.012  [0.744 0.768 0.748 0.766 0.744]    0.075     0.014    0.647     0.732   0.004      0.013    -0.009     0.016      0.480         1.710       -1.230        2.190
           nsp_embeddings                0.759 0.010   0.749   0.769 0.008  [0.754 0.754 0.770 0.764 0.752]    0.176     0.061    2.214     0.971   0.008      0.009    -0.000     0.017      1.119         1.166       -0.047        2.286
           random_encoder                0.662 0.016   0.646   0.678 0.013  [0.652 0.684 0.664 0.656 0.656]    0.066     0.011  -14.849     0.000  -0.088      0.014    -0.102    -0.074    -11.727         1.821      -13.548       -9.906
           rtd_embeddings                0.740 0.014   0.726   0.753 0.011  [0.728 0.744 0.756 0.738 0.732]    0.089     0.019   -2.105     0.034  -0.011      0.012    -0.023     0.001     -1.439         1.577       -3.016        0.137
           sop_embeddings                0.724 0.010   0.714   0.734 0.008  [0.724 0.728 0.718 0.716 0.736]    0.167     0.055   -6.686     0.000  -0.026      0.009    -0.035    -0.017     -3.465         1.195       -4.660       -2.270

------------------------------------------------------------------------------------------------------------------------
End of report.     Current time: 2021-05-26 07:33:45
------------------------------------------------------------------------------------------------------------------------
