------------------------------------------------------------------------------------------------------------------------
Vector testing report
Params:
    conf: "conf/embeddings_validation_short_1614777900.hocon"

Collected 30 files with 0 errors

------------------------------------------------------------------------------------------------------------------------
Metric: "accuracy"
                                 scores_valid                                                                                                                                                                                             
                                         mean  t_pm t_int_l t_int_h   std                           values t_f_stat t_f_alpha t_t_stat t_t_alpha t_delta t_delta_pm t_delta_l t_delta_h t_delta_pp t_delta_pm_pp t_delta_l_pp t_delta_h_pp
model_name feature_name                                                                                                                                                                                                                   
lgbm       emb__hidden_size_0032        0.914 0.004   0.910   0.919 0.003  [0.911 0.913 0.920 0.915 0.913]    1.050     0.518   -6.120     0.000  -0.014      0.005    -0.019    -0.009     -1.475         0.556       -2.031       -0.919
           emb__hidden_size_0064        0.906 0.004   0.903   0.910 0.003  [0.903 0.906 0.911 0.907 0.905]    1.368     0.616  -10.286     0.000  -0.022      0.005    -0.027    -0.017     -2.335         0.523       -2.859       -1.812
           emb__hidden_size_0100        0.928 0.005   0.924   0.933 0.004  [0.932 0.923 0.927 0.932 0.928]    0.954     0.482    0.082     0.532   0.000      0.005    -0.005     0.005      0.020         0.570       -0.549        0.590
           emb__hidden_size_0200        0.925 0.005   0.920   0.931 0.004  [0.929 0.924 0.922 0.931 0.921]    0.710     0.374   -1.138     0.144  -0.003      0.006    -0.009     0.003     -0.305         0.617       -0.922        0.313
           emb__hidden_size_0400        0.924 0.004   0.920   0.928 0.003  [0.920 0.926 0.927 0.921 0.927]    1.250     0.583   -1.754     0.059  -0.004      0.005    -0.009     0.001     -0.406         0.534       -0.940        0.128
           mles_embeddings              0.928 0.004   0.924   0.933 0.004  [0.933 0.924 0.927 0.930 0.927]    1.000     0.500    0.000     0.500   0.000      0.005    -0.005     0.005      0.000         0.563       -0.563        0.563
                                 scores_test                                                                                                                                                                                             
                                        mean  t_pm t_int_l t_int_h   std                           values t_f_stat t_f_alpha t_t_stat t_t_alpha t_delta t_delta_pm t_delta_l t_delta_h t_delta_pp t_delta_pm_pp t_delta_l_pp t_delta_h_pp
model_name feature_name                                                                                                                                                                                                                  
lgbm       emb__hidden_size_0032       0.912 0.002   0.910   0.913 0.001  [0.910 0.911 0.912 0.914 0.911]   10.519     0.979   -7.801     0.000  -0.015      0.005    -0.020    -0.011     -1.646         0.486       -2.132       -1.159
           emb__hidden_size_0064       0.905 0.004   0.901   0.909 0.003  [0.905 0.904 0.905 0.902 0.911]    1.554     0.660   -9.103     0.000  -0.022      0.006    -0.027    -0.016     -2.353         0.596       -2.948       -1.757
           emb__hidden_size_0100       0.928 0.004   0.924   0.932 0.003  [0.928 0.931 0.925 0.925 0.932]    1.726     0.695    0.481     0.678   0.001      0.005    -0.004     0.007      0.122         0.584       -0.462        0.706
           emb__hidden_size_0200       0.912 0.004   0.908   0.916 0.004  [0.914 0.906 0.915 0.911 0.914]    1.421     0.629   -6.207     0.000  -0.015      0.006    -0.021    -0.010     -1.633         0.607       -2.240       -1.027
           emb__hidden_size_0400       0.925 0.003   0.921   0.928 0.003  [0.926 0.921 0.927 0.922 0.927]    2.453     0.797   -1.070     0.158  -0.002      0.005    -0.007     0.003     -0.256         0.552       -0.807        0.296
           mles_embeddings             0.927 0.005   0.922   0.932 0.004  [0.926 0.929 0.923 0.924 0.933]    1.000     0.500    0.000     0.500   0.000      0.006    -0.006     0.006      0.000         0.657       -0.657        0.657

------------------------------------------------------------------------------------------------------------------------
End of report.     Current time: 2021-03-03 13:28:22
------------------------------------------------------------------------------------------------------------------------
