------------------------------------------------------------------------------------------------------------------------
Vector testing report
Params:
    conf: "conf/embeddings_validation_semi_supervised.hocon"

Collected 108 files with 0 errors

------------------------------------------------------------------------------------------------------------------------
Metric: "accuracy"
                                 scores_train                                                             
                                         mean  t_pm t_int_l t_int_h   std                           values
model_name feature_name                                                                                   
lgbm       baseline_00496               0.998 0.002   0.996   1.000 0.001  [0.998 0.998 1.000 0.998 0.996]
           baseline_00994               0.997 0.001   0.996   0.997 0.001  [0.996 0.997 0.997 0.996 0.997]
           baseline_01986               0.998 0.001   0.997   0.999 0.001  [0.999 0.997 0.999 0.998 0.998]
           baseline_03971               1.000 0.000   0.999   1.000 0.000  [1.000 1.000 0.999 0.999 0.999]
           baseline_07943               1.000 0.000   1.000   1.000 0.000  [1.000 1.000 1.000 1.000 1.000]
           baseline_15887               1.000 0.000   1.000   1.000 0.000  [1.000 1.000 1.000 1.000 1.000]
           cpc_embeddings_00496         1.000 0.000   1.000   1.000 0.000  [1.000 1.000 1.000 1.000 1.000]
           cpc_embeddings_00994         1.000 0.000   1.000   1.000 0.000  [1.000 1.000 1.000 1.000 1.000]
           cpc_embeddings_01986         1.000 0.000   1.000   1.000 0.000  [1.000 1.000 1.000 1.000 1.000]
           cpc_embeddings_03971         1.000 0.000   1.000   1.000 0.000  [1.000 1.000 1.000 1.000 1.000]
           cpc_embeddings_07943         1.000 0.000   1.000   1.000 0.000  [1.000 1.000 1.000 1.000 1.000]
           cpc_embeddings_15887         0.999 0.000   0.999   0.999 0.000  [0.999 0.999 0.999 1.000 0.999]
           mles_embeddings_00496        0.999 0.001   0.998   1.001 0.001  [1.000 0.998 0.998 1.000 1.000]
           mles_embeddings_00994        0.999 0.001   0.999   1.000 0.001  [1.000 1.000 0.999 0.999 0.999]
           mles_embeddings_01986        1.000 0.000   0.999   1.000 0.000  [0.999 1.000 1.000 1.000 0.999]
           mles_embeddings_03971        1.000 0.000   1.000   1.000 0.000  [1.000 1.000 0.999 1.000 1.000]
           mles_embeddings_07943        0.998 0.000   0.998   0.998 0.000  [0.998 0.998 0.998 0.998 0.998]
           mles_embeddings_15887        0.992 0.001   0.992   0.993 0.000  [0.991 0.992 0.992 0.993 0.992]
nn         cpc_finetuning_00496           NaN   NaN     NaN     NaN   NaN            [nan nan nan nan nan]
           cpc_finetuning_00994           NaN   NaN     NaN     NaN   NaN            [nan nan nan nan nan]
           cpc_finetuning_01986           NaN   NaN     NaN     NaN   NaN            [nan nan nan nan nan]
           cpc_finetuning_03971           NaN   NaN     NaN     NaN   NaN            [nan nan nan nan nan]
           cpc_finetuning_07943           NaN   NaN     NaN     NaN   NaN            [nan nan nan nan nan]
           cpc_finetuning_15887           NaN   NaN     NaN     NaN   NaN            [nan nan nan nan nan]
           mles_finetuning_00496          NaN   NaN     NaN     NaN   NaN            [nan nan nan nan nan]
           mles_finetuning_00994          NaN   NaN     NaN     NaN   NaN            [nan nan nan nan nan]
           mles_finetuning_01986          NaN   NaN     NaN     NaN   NaN            [nan nan nan nan nan]
           mles_finetuning_03971          NaN   NaN     NaN     NaN   NaN            [nan nan nan nan nan]
           mles_finetuning_07943          NaN   NaN     NaN     NaN   NaN            [nan nan nan nan nan]
           mles_finetuning_15887          NaN   NaN     NaN     NaN   NaN            [nan nan nan nan nan]
           target_scores_00496            NaN   NaN     NaN     NaN   NaN            [nan nan nan nan nan]
           target_scores_00994            NaN   NaN     NaN     NaN   NaN            [nan nan nan nan nan]
           target_scores_01986            NaN   NaN     NaN     NaN   NaN            [nan nan nan nan nan]
           target_scores_03971            NaN   NaN     NaN     NaN   NaN            [nan nan nan nan nan]
           target_scores_07943            NaN   NaN     NaN     NaN   NaN            [nan nan nan nan nan]
           target_scores_15887            NaN   NaN     NaN     NaN   NaN            [nan nan nan nan nan]
                                 scores_valid                                                             
                                         mean  t_pm t_int_l t_int_h   std                           values
model_name feature_name                                                                                   
lgbm       baseline_00496               0.987 0.007   0.979   0.994 0.006  [0.977 0.987 0.994 0.988 0.988]
           baseline_00994               0.987 0.006   0.981   0.993 0.005  [0.980 0.986 0.992 0.988 0.989]
           baseline_01986               0.994 0.001   0.993   0.995 0.001  [0.993 0.995 0.995 0.993 0.995]
           baseline_03971               0.999 0.001   0.998   1.000 0.001  [1.000 0.998 0.998 0.999 0.999]
           baseline_07943               0.999 0.001   0.999   1.000 0.001  [1.000 0.999 0.999 1.000 1.000]
           baseline_15887               0.999 0.001   0.999   1.000 0.001  [1.000 0.999 0.999 1.000 1.000]
           cpc_embeddings_00496         0.851 0.011   0.840   0.861 0.009  [0.851 0.845 0.840 0.862 0.855]
           cpc_embeddings_00994         0.883 0.003   0.880   0.886 0.003  [0.883 0.881 0.886 0.885 0.879]
           cpc_embeddings_01986         0.917 0.008   0.909   0.925 0.006  [0.919 0.920 0.924 0.908 0.914]
           cpc_embeddings_03971         0.937 0.001   0.936   0.938 0.001  [0.937 0.936 0.939 0.937 0.936]
           cpc_embeddings_07943         0.948 0.002   0.946   0.951 0.002  [0.950 0.948 0.950 0.948 0.946]
           cpc_embeddings_15887         0.955 0.004   0.951   0.958 0.003  [0.954 0.951 0.959 0.953 0.957]
           mles_embeddings_00496        0.817 0.003   0.814   0.820 0.003  [0.818 0.819 0.820 0.815 0.814]
           mles_embeddings_00994        0.849 0.007   0.842   0.857 0.006  [0.840 0.849 0.856 0.853 0.849]
           mles_embeddings_01986        0.880 0.005   0.875   0.885 0.004  [0.878 0.878 0.885 0.877 0.884]
           mles_embeddings_03971        0.903 0.003   0.901   0.906 0.002  [0.902 0.904 0.904 0.900 0.906]
           mles_embeddings_07943        0.919 0.007   0.912   0.925 0.006  [0.924 0.909 0.918 0.920 0.921]
           mles_embeddings_15887        0.927 0.006   0.921   0.933 0.005  [0.932 0.921 0.923 0.931 0.928]
nn         cpc_finetuning_00496         0.607 0.036   0.572   0.643 0.029  [0.585 0.611 0.646 0.574 0.620]
           cpc_finetuning_00994         0.667 0.017   0.651   0.684 0.013  [0.688 0.656 0.658 0.660 0.673]
           cpc_finetuning_01986         0.733 0.008   0.726   0.741 0.006  [0.734 0.741 0.738 0.729 0.726]
           cpc_finetuning_03971         0.754 0.012   0.742   0.766 0.010  [0.763 0.766 0.751 0.748 0.744]
           cpc_finetuning_07943         0.865 0.014   0.851   0.879 0.011  [0.873 0.876 0.869 0.847 0.862]
           cpc_finetuning_15887         0.967 0.007   0.960   0.973 0.005  [0.974 0.971 0.962 0.963 0.963]
           mles_finetuning_00496        0.582 0.007   0.575   0.589 0.006  [0.578 0.590 0.584 0.584 0.575]
           mles_finetuning_00994        0.600 0.009   0.592   0.609 0.007  [0.590 0.608 0.605 0.598 0.601]
           mles_finetuning_01986        0.615 0.005   0.610   0.619 0.004  [0.612 0.617 0.620 0.611 0.614]
           mles_finetuning_03971        0.621 0.010   0.611   0.631 0.008  [0.624 0.610 0.627 0.614 0.628]
           mles_finetuning_07943        0.622 0.007   0.615   0.629 0.006  [0.616 0.626 0.627 0.615 0.625]
           mles_finetuning_15887        0.625 0.004   0.621   0.629 0.003  [0.629 0.625 0.624 0.627 0.620]
           target_scores_00496          0.673 0.037   0.635   0.710 0.030  [0.625 0.667 0.684 0.706 0.681]
           target_scores_00994          0.715 0.007   0.708   0.722 0.006  [0.711 0.708 0.719 0.717 0.722]
           target_scores_01986          0.747 0.023   0.724   0.771 0.019  [0.740 0.751 0.746 0.724 0.776]
           target_scores_03971          0.859 0.061   0.799   0.920 0.049  [0.902 0.863 0.889 0.777 0.866]
           target_scores_07943          0.995 0.004   0.992   0.999 0.003  [0.992 0.992 0.998 0.997 0.997]
           target_scores_15887          0.997 0.001   0.996   0.998 0.001  [0.997 0.996 0.998 0.996 0.998]
                                 scores_test                                                             
                                        mean  t_pm t_int_l t_int_h   std                           values
model_name feature_name                                                                                  
lgbm       baseline_00496              0.987 0.004   0.983   0.991 0.003  [0.983 0.990 0.990 0.988 0.985]
           baseline_00994              0.988 0.003   0.985   0.991 0.002  [0.984 0.990 0.988 0.989 0.986]
           baseline_01986              0.992 0.001   0.991   0.993 0.001  [0.992 0.993 0.993 0.992 0.992]
           baseline_03971              0.999 0.001   0.999   1.000 0.000  [0.999 0.999 0.999 0.999 1.000]
           baseline_07943              1.000 0.000   0.999   1.000 0.000  [0.999 0.999 1.000 0.999 1.000]
           baseline_15887              1.000 0.000   0.999   1.000 0.000  [0.999 0.999 1.000 0.999 1.000]
           cpc_embeddings_00496        0.853 0.009   0.844   0.862 0.007  [0.859 0.853 0.840 0.855 0.857]
           cpc_embeddings_00994        0.881 0.006   0.875   0.887 0.005  [0.882 0.883 0.877 0.888 0.876]
           cpc_embeddings_01986        0.915 0.003   0.912   0.918 0.002  [0.916 0.917 0.917 0.912 0.914]
           cpc_embeddings_03971        0.936 0.004   0.932   0.940 0.003  [0.935 0.932 0.935 0.941 0.937]
           cpc_embeddings_07943        0.954 0.003   0.951   0.958 0.003  [0.952 0.951 0.955 0.958 0.954]
           cpc_embeddings_15887        0.961 0.002   0.959   0.963 0.002  [0.961 0.960 0.959 0.963 0.961]
           mles_embeddings_00496       0.808 0.005   0.804   0.813 0.004  [0.810 0.814 0.805 0.807 0.806]
           mles_embeddings_00994       0.842 0.005   0.837   0.848 0.004  [0.840 0.844 0.844 0.848 0.836]
           mles_embeddings_01986       0.876 0.002   0.874   0.877 0.001  [0.874 0.877 0.876 0.876 0.875]
           mles_embeddings_03971       0.903 0.004   0.899   0.907 0.003  [0.902 0.898 0.905 0.905 0.906]
           mles_embeddings_07943       0.920 0.005   0.914   0.925 0.004  [0.914 0.919 0.923 0.918 0.924]
           mles_embeddings_15887       0.926 0.003   0.923   0.929 0.002  [0.925 0.928 0.925 0.923 0.929]
nn         cpc_finetuning_00496        0.606 0.040   0.566   0.645 0.032  [0.582 0.608 0.650 0.569 0.620]
           cpc_finetuning_00994        0.663 0.020   0.643   0.683 0.016  [0.685 0.658 0.652 0.646 0.675]
           cpc_finetuning_01986        0.727 0.005   0.721   0.732 0.004  [0.727 0.727 0.734 0.723 0.724]
           cpc_finetuning_03971        0.751 0.014   0.737   0.766 0.012  [0.762 0.764 0.746 0.747 0.737]
           cpc_finetuning_07943        0.864 0.013   0.851   0.877 0.011  [0.872 0.873 0.863 0.846 0.866]
           cpc_finetuning_15887        0.970 0.008   0.961   0.978 0.007  [0.979 0.973 0.968 0.968 0.960]
           mles_finetuning_00496       0.562 0.010   0.552   0.572 0.008  [0.569 0.568 0.551 0.566 0.556]
           mles_finetuning_00994       0.587 0.013   0.574   0.600 0.010  [0.580 0.601 0.575 0.592 0.589]
           mles_finetuning_01986       0.594 0.008   0.586   0.601 0.006  [0.601 0.599 0.587 0.592 0.590]
           mles_finetuning_03971       0.604 0.005   0.599   0.608 0.004  [0.610 0.603 0.602 0.603 0.600]
           mles_finetuning_07943       0.608 0.004   0.604   0.612 0.003  [0.612 0.606 0.611 0.605 0.606]
           mles_finetuning_15887       0.611 0.004   0.607   0.616 0.003  [0.615 0.609 0.607 0.611 0.615]
           target_scores_00496         0.677 0.043   0.634   0.720 0.035  [0.618 0.682 0.684 0.708 0.694]
           target_scores_00994         0.717 0.007   0.710   0.725 0.006  [0.715 0.710 0.720 0.715 0.725]
           target_scores_01986         0.745 0.025   0.720   0.771 0.021  [0.732 0.744 0.744 0.727 0.779]
           target_scores_03971         0.865 0.058   0.807   0.922 0.046  [0.903 0.860 0.897 0.788 0.875]
           target_scores_07943         0.997 0.002   0.995   0.998 0.001  [0.995 0.997 0.998 0.998 0.996]
           target_scores_15887         0.997 0.002   0.995   0.999 0.002  [0.999 0.997 0.997 0.994 0.997]

------------------------------------------------------------------------------------------------------------------------
End of report.     Current time: 2021-03-03 14:56:08
------------------------------------------------------------------------------------------------------------------------
