------------------------------------------------------------------------------------------------------------------------
Vector testing report
Params:
    conf: "conf/embeddings_validation_baselines_supervised.hocon"

Collected 4 files with 0 errors

------------------------------------------------------------------------------------------------------------------------
Metric: "accuracy"
                           scores_valid                                                                                                                                                                                             
                                   mean  t_pm t_int_l t_int_h   std                           values t_f_stat t_f_alpha t_t_stat t_t_alpha t_delta t_delta_pm t_delta_l t_delta_h t_delta_pp t_delta_pm_pp t_delta_l_pp t_delta_h_pp
model_name feature_name                                                                                                                                                                                                             
nn         cpc_finetuning         0.967 0.007   0.960   0.973 0.005  [0.974 0.971 0.962 0.963 0.963]    0.038     0.004  -12.554     0.000  -0.030      0.006    -0.036    -0.025     -3.037         0.558       -3.595       -2.479
           mles_finetuning        0.887 0.018   0.869   0.904 0.014  [0.877 0.883 0.900 0.903 0.871]    0.005     0.000  -17.225     0.000  -0.110      0.015    -0.125    -0.095    -11.057         1.480      -12.537       -9.577
           rtd_finetuning         0.810 0.008   0.802   0.817 0.006  [0.817 0.812 0.803 0.813 0.804]    0.029     0.002  -67.605     0.000  -0.187      0.006    -0.194    -0.181    -18.775         0.640      -19.416      -18.135
           target_scores          0.997 0.001   0.996   0.998 0.001  [0.997 0.996 0.998 0.996 0.998]    1.000     0.500    0.000     0.500   0.000      0.002    -0.002     0.002      0.000         0.151       -0.151        0.151
                           scores_test                                                                                                                                                                                             
                                  mean  t_pm t_int_l t_int_h   std                           values t_f_stat t_f_alpha t_t_stat t_t_alpha t_delta t_delta_pm t_delta_l t_delta_h t_delta_pp t_delta_pm_pp t_delta_l_pp t_delta_h_pp
model_name feature_name                                                                                                                                                                                                            
nn         cpc_finetuning        0.970 0.008   0.961   0.978 0.007  [0.979 0.973 0.968 0.968 0.960]    0.059     0.009   -8.844     0.000  -0.027      0.007    -0.034    -0.020     -2.732         0.712       -3.444       -2.020
           mles_finetuning       0.877 0.014   0.863   0.891 0.011  [0.865 0.885 0.888 0.882 0.864]    0.021     0.001  -23.497     0.000  -0.120      0.012    -0.132    -0.108    -12.061         1.184      -13.244      -10.877
           rtd_finetuning        0.809 0.012   0.797   0.821 0.010  [0.816 0.816 0.802 0.816 0.796]    0.029     0.002  -43.080     0.000  -0.187      0.010    -0.197    -0.177    -18.805         1.007      -19.812      -17.799
           target_scores         0.997 0.002   0.995   0.999 0.002  [0.999 0.997 0.997 0.994 0.997]    1.000     0.500    0.000     0.500   0.000      0.002    -0.002     0.002      0.000         0.238       -0.238        0.238

------------------------------------------------------------------------------------------------------------------------
End of report.     Current time: 2021-03-02 14:46:53
------------------------------------------------------------------------------------------------------------------------
