------------------------------------------------------------------------------------------------------------------------
Vector testing report
Params:
    conf: "conf/embeddings_validation_baselines_unsupervised.hocon"

Collected 30 files with 0 errors

------------------------------------------------------------------------------------------------------------------------
Metric: "accuracy"
                           scores_valid                                                                                                                                                                                             
                                   mean  t_pm t_int_l t_int_h   std                           values t_f_stat t_f_alpha t_t_stat t_t_alpha t_delta t_delta_pm t_delta_l t_delta_h t_delta_pp t_delta_pm_pp t_delta_l_pp t_delta_h_pp
model_name feature_name                                                                                                                                                                                                             
lgbm       baseline               0.999 0.001   0.999   1.000 0.001  [1.000 0.999 0.999 1.000 1.000]    1.000     0.500    0.000     0.500   0.000      0.001    -0.001     0.001      0.000         0.075       -0.075        0.075
           cpc_embeddings         0.955 0.003   0.952   0.958 0.002  [0.956 0.953 0.958 0.953 0.956]    0.048     0.006  -41.105     0.000  -0.044      0.002    -0.047    -0.042     -4.418         0.248       -4.666       -4.170
           mles_embeddings        0.928 0.004   0.924   0.933 0.004  [0.933 0.924 0.927 0.930 0.927]    0.021     0.001  -44.102     0.000  -0.071      0.004    -0.075    -0.068     -7.140         0.373       -7.513       -6.766
           nsp_embeddings         0.917 0.005   0.912   0.921 0.004  [0.918 0.913 0.913 0.922 0.917]    0.020     0.001  -50.156     0.000  -0.083      0.004    -0.087    -0.079     -8.277         0.381       -8.658       -7.897
           rtd_embeddings         0.894 0.005   0.889   0.899 0.004  [0.893 0.888 0.900 0.896 0.893]    0.014     0.001  -54.585     0.000  -0.105      0.004    -0.110    -0.101    -10.546         0.446      -10.992      -10.101
           sop_embeddings         0.941 0.005   0.937   0.946 0.004  [0.946 0.943 0.936 0.940 0.941]    0.020     0.001  -35.201     0.000  -0.058      0.004    -0.062    -0.054     -5.832         0.382       -6.215       -5.450
                           scores_test                                                                                                                                                                                             
                                  mean  t_pm t_int_l t_int_h   std                           values t_f_stat t_f_alpha t_t_stat t_t_alpha t_delta t_delta_pm t_delta_l t_delta_h t_delta_pp t_delta_pm_pp t_delta_l_pp t_delta_h_pp
model_name feature_name                                                                                                                                                                                                            
lgbm       baseline              1.000 0.000   0.999   1.000 0.000  [0.999 0.999 1.000 0.999 1.000]    1.000     0.500    0.000     0.500   0.000      0.000    -0.000     0.000      0.000         0.045       -0.045        0.045
           cpc_embeddings        0.959 0.001   0.958   0.961 0.001  [0.958 0.959 0.959 0.960 0.960]    0.081     0.016  -80.051     0.000  -0.040      0.001    -0.042    -0.039     -4.047         0.117       -4.163       -3.930
           mles_embeddings       0.927 0.005   0.922   0.932 0.004  [0.926 0.929 0.923 0.924 0.933]    0.005     0.000  -38.774     0.000  -0.073      0.004    -0.077    -0.068     -7.268         0.432       -7.700       -6.836
           nsp_embeddings        0.909 0.002   0.907   0.911 0.002  [0.908 0.907 0.908 0.911 0.909]    0.036     0.004 -122.609     0.000  -0.091      0.002    -0.093    -0.089     -9.088         0.171       -9.259       -8.917
           rtd_embeddings        0.897 0.004   0.893   0.902 0.004  [0.897 0.894 0.903 0.898 0.894]    0.008     0.000  -64.880     0.000  -0.102      0.004    -0.106    -0.099    -10.241         0.364      -10.605       -9.877
           sop_embeddings        0.946 0.001   0.944   0.947 0.001  [0.945 0.946 0.945 0.945 0.947]    0.070     0.012  -99.878     0.000  -0.054      0.001    -0.055    -0.053     -5.414         0.125       -5.539       -5.289

------------------------------------------------------------------------------------------------------------------------
End of report.     Current time: 2021-03-02 12:51:46
------------------------------------------------------------------------------------------------------------------------
